1 0.143421875 0.845828125 0.28684375 0.30834375
1 0.823453125 0.831828125 0.353078125 0.33634375
1 0.869015625 0.68521875 0.12421875 0.069359375
1 0.668484375 0.641296875 0.06401562499999999 0.1145
1 0.9626250000000001 0.7322656249999999 0.07475000000000001 0.145296875
1 0.037359375 0.60590625 0.07468749999999999 0.178234375
1 0.53390625 0.663734375 0.046515625 0.04990625
1 0.71528125 0.68046875 0.1004375 0.0695625
1 0.173421875 0.63478125 0.14953125 0.15201562500000002
1 0.615953125 0.6621875 0.035828125 0.045328125000000004
1 0.37287499999999996 0.6506875 0.033328125 0.03478125
1 0.31740625 0.6569843750000001 0.050109375 0.051671875
1 0.62846875 0.66296875 0.0251875 0.049828125